#i:Entropy, Reconstruction error
0:0.030612, 0.030612
1:0.000000, 0.000000
2:0.011338, 0.011338
3:0.000000, 0.000000
4:0.000000, 0.000000
5:0.000000, 0.000000
6:0.000000, 0.000000
total Entropy: 0.041950
total Reconstruction error: 0.041950
#(i,j):Probability, Entropy, Reconstruction Error
(0, 0):0.400000, 0.030612, 0.030612	(0, 1):0.000000, 0.000000, 0.000000	(0, 2):0.000000, 0.000000, 0.000000	(0, 3):0.000000, 0.000000, 0.000000	(0, 4):0.000000, 0.000000, 0.000000	(0, 5):0.000000, 0.000000, 0.000000	(0, 6):0.000000, 0.000000, 0.000000	
(1, 1):1.000000, 0.000000, 0.000000	(1, 2):0.000000, 0.000000, 0.000000	(1, 3):0.000000, 0.000000, 0.000000	(1, 4):0.000000, 0.000000, 0.000000	(1, 5):0.000000, 0.000000, 0.000000	(1, 6):0.000000, 0.000000, 0.000000	
(2, 2):0.444444, 0.011338, 0.011338	(2, 3):0.000000, 0.000000, 0.000000	(2, 4):0.000000, 0.000000, 0.000000	(2, 5):0.000000, 0.000000, 0.000000	(2, 6):0.000000, 0.000000, 0.000000	
(3, 3):1.000000, 0.000000, 0.000000	(3, 4):0.000000, 0.000000, 0.000000	(3, 5):0.000000, 0.000000, 0.000000	(3, 6):0.000000, 0.000000, 0.000000	
(4, 4):1.000000, 0.000000, 0.000000	(4, 5):0.000000, 0.000000, 0.000000	(4, 6):0.000000, 0.000000, 0.000000	
(5, 5):0.000000, 0.000000, 0.000000	(5, 6):0.000000, 0.000000, 0.000000	
(6, 6):0.000000, 0.000000, 0.000000	
